Accuracy: 0.8888888888888888
f1 Score: 0.88507326007326
Precision: 0.9259259259259259
